%manual import of swelling data for SC irradiated copper. by dose and bin.
%individual void areas all in um^2

area_05dpa_bin5=[0.01138 0.00868 0.003279 0.001254 0.00299 0.003472 0.002411 0.002411];
area_05dpa_bin6=[0.002604 0.00434 0.002797 0.002411 0.01071 0.011 0.002701 0.00434 0.004629 0.001157 0.007523 0.00135 0.002604 0.003086 0.00135 0.002122 0.004437 0.002315 0.003086 0.008294 0.00135 0.002411 0.002508 0.003279 0.001447 0.002411 0.00135 0.001447 0.001254 0.001447];
area_05dpa_bin7=[0.001254 0.001254 0.01022 0.002315 0.00299 0.001254 0.002122 0.001157 0.004437 0.001061 0.001929 0.002411 0.001833 0.004147 0.001157 0.001447 0.001543 0.003858 0.001833 0.002315 0.001254 0.001254 0.001736];

area_10dpa_bin6=[0.04807 0.0305 0.01303 0.01853 0.007239 0.00193];
area_10dpa_bin7=[0.002027 0.001351 0.001448 0.02384 0.04517 0.02123 0.04681 0.005598 0.006757 0.001255 0.03899 0.02548 0.02355 0.01467 0.001062 0.01419];

area_30dpa_bin1=[0.01362 0.004064 0.003196 0.007191 0.004794];
area_30dpa_bin2=[0.00132 0.003196 0.004064 0.009379 0.004551 0.005106 0.007156 0.007816 0.002675 0.004585 0.001112];
area_30dpa_bin3=[0.002849 0.005732 0.003022 0.002953 0.002987 0.001077 0.001563 0.005245 0.002223];
area_30dpa_bin4=[0.00264 0.001285 0.003092 0.003891 0.002258 0.0033 0.002432 0.002327 0.004968 0.001459 0.001181];
area_30dpa_bin5=[0.003647 0.00139 0.00139 0.002501 0.001806 0.003682 0.001633 0.001459 0.001494 0.001911 0.001285 0.004898 0.001702 0.002675 0.004238 0.001077 0.00132];
area_30dpa_bin6=[0.001007 0.001077 0.004829 0.003057 0.005384 0.00132 0.001146 0.00594 0.00205 0.002918 0.002918 0.003439 0.002744 0.001112 0.002015 0.002675 0.001494 0.001841 0.003265 0.001285 0.003752 0.002119 0.001285 0.001355 0.004342 0.001112 0.003161 0.001077 0.001598 0.001077 0.003925 0.003196 0.001563 0.001355 0.00132];
area_30dpa_bin7=[0.001841 0.00132 0.001112 0.001077 0.003647 0.001181 0.001598 0.001251 0.002119 0.00132 0.001181 0.002327 0.008372 0.00198 0.003578 0.002119 0.002953 0.001216 0.001598 0.002258 0.00139 0.001355 0.004134 0.001806 0.001077 0.001876 0.001285 0.002188 0.001216 0.001841 0.003161 0.001285 0.001216 0.002501 0.002188 0.002293 0.001598 0.00264 0.001876 0.0033 0.001876 0.002154 0.001459 0.00198 0.002744 0.00198 0.001876 0.001042 0.001077];
area_30dpa_bin8=[0.002154 0.005489 0.003543 0.003161 0.005697 0.003682 0.009831 0.003821 0.003231 0.002501 0.004759 0.003509 0.006809 0.006149 0.002258 0.004134 0.005315 0.004412 0.009275];

area_50dpa_bin2=[0.02268];
area_50dpa_bin3=[0.09073 0.1701 0.09353 0.0001931];
area_50dpa_bin4=[0.02114 0.2028 0.00888];
area_50dpa_bin5=[0.01236 0.06506 0.07452 0.003185 0.04595];
area_50dpa_bin6=[0.007433 0.007046 0.006274 0.1477 0.03707 0.001834 0.08185 0.02027 0.008494 0.01071 0.01014 0.01815 0.01129 0.005309 0.00222 0.001158];
area_50dpa_bin7=[0.003089 0.011 0.001062 0.01892 0.007626 0.00695 0.004633 0.01448 0.008398 0.0139 0.001641 0.01795 0.04315 0.03475 0.04035 0.006853 0.01602 0.01602 0.00251 0.004344 0.001158 0.001158 0.003378 0.03118 0.03166 0.006853 0.03147 0.03166 0.001737 0.01168 0.008977 0.01014];
area_50dpa_bin8=[0.01149 0.002413 0.03456 0.03649 0.03118 0.03436 0.004633 0.007239 0.003958 0.003185];

area_90dpa_bin2=[0.1228 0.06494 0.09002 0.1008 0.004052 0.1056 0.06715 0.05114];
area_90dpa_bin3=[0.01409 0.04699 0.1015 0.06822 0.04361 0.01283 0.05297 0.02914 0.001737];
area_90dpa_bin4=[0.08143 0.003474 0.01293 0.009166 0.05326 0.03223 0.003859 0.01139 0.01303 0.0193 0.06349 0.02904 0.0274 0.03464 0.009938];
area_90dpa_bin5=[0.02808 0.003377 0.03396 0.003377 0.001544 0.01158 0.008105 0.01225 0.01245 0.1337 0.007429 0.04766 0.07179 0.02055 0.03975 0.00193 0.009456 0.005596 0.001833];
area_90dpa_bin6=[0.00521 0.001544 0.004342 0.002026 0.01785 0.03078 0.004728 0.055 0.02046 0.00907 0.04024 0.003667 0.09369 0.009649 0.04853 0.005017 0.004631 0.0274 0.00521 0.03927 0.002316 0.005596 0.03126 0.002412 0.004149 0.003763 0.004245 0.00521 0.001061 0.002316 0.001737];
area_90dpa_bin7=[0.002026 0.02943 0.004921 0.01814 0.009456 0.002702 0.003474 0.003474 0.001351 0.01824 0.01409 0.003184 0.007526 0.008394 0.01351 0.003956 0.003763 0.006175 0.002798 0.006754 0.003088 0.0136 0.02065 0.003667 0.01023 0.007429 0.02306 0.005789 0.003184 0.011 0.01756 0.003956 0.002991 0.003474 0.003088 0.005693 0.003667 0.001061 0.004535 0.002509 0.008394 0.04245 0.02152 0.01592 0.02885 0.004438 0.003184 0.009552 0.004728 0.01804 0.02374 0.0192 0.004728 0.009166 0.008587 0.00164 0.005693 0.004535 0.008491 0.0055 0.0055 0.003088 0.003667 0.001447];
area_90dpa_bin8=[0.03213 0.00357 0.007333 0.004631 0.001351 0.008394 0.01264 0.00521 0.002316 0.01515 0.002991 0.006175 0.001254 0.01891 0.006561 0.08616 0.07796 0.04188 0.01428 0.02808 0.002219 0.02692 0.04159 0.02653 0.03445 0.01553 0.07072 0.02374 0.0548 0.006947 0.05384 0.03078 0.02219 0.02634 0.008105];
area_90dpa_bin9=[0.003859 0.02364 0.007912 0.04747 0.07304 0.125 0.04226 0.004342];

